ID,1,2,3,4,5,6,7
1,0.0,2.1213203435596424,1.4142135623730951,0.7071067811865476,0.7071067811865476,2.8284271247461903,3.6674241641784495
2,2.1213203435596424,0.0,2.5495097567963922,2.23606797749979,2.23606797749979,0.7071067811865476,2.2472205054244228
3,1.4142135623730951,2.5495097567963922,0.0,2.1213203435596424,0.7071067811865476,3.1622776601683795,4.6097722286464435
4,0.7071067811865476,2.23606797749979,2.1213203435596424,0.0,1.4142135623730951,2.9154759474226504,3.3241540277189316
5,0.7071067811865476,2.23606797749979,0.7071067811865476,1.4142135623730951,0.0,2.9154759474226504,4.104875150354758
6,2.8284271247461903,0.7071067811865476,3.1622776601683795,2.9154759474226504,2.9154759474226504,0.0,2.06155281280883
7,3.6674241641784495,2.2472205054244228,4.6097722286464435,3.3241540277189316,4.104875150354758,2.06155281280883,0.0
